Time,V1,V2,V3,V4,V5,V6,V7,V8,V9,V10,V11,V12,V13,V14,V15,V16,V17,V18,V19,V20,V21,V22,V23,V24,V25,V26,V27,V28,Amount,Class
28448.0,0.7961190009874599,5.627089504989769,1.1761166183277965,-0.26162013078044843,-0.4081283226534538,-0.5936999419009332,-0.5204073287645485,1.3715835036521185,0.8325894412187207,1.4551286486598158,1.1685263800969814,0.4494593731110399,0.9569737172283537,-1.1062235228382633,0.06251132547795635,-1.3129033440702642,-0.6102561735822292,0.9046418022183005,-0.31097764606349365,-0.09325545823553227,-0.31385189631614807,-1.4343170317659855,-0.5458442213088119,-0.28410716570594285,0.4078699655896507,0.19089336540640867,0.5590116710224748,-0.2643289712502188,34.26,0
75402.0,1.7274374434368838,-1.1935979813242454,-0.16617274418240413,0.13996322650844384,0.23586005717356784,1.9946046085950115,-2.0726272703602717,0.5290474413012305,-1.6664101025600768,0.9644285317439625,0.2894913565016468,0.794284586269896,0.0603843022806787,0.5413678323566273,-0.628795830548639,-0.023977309985820483,0.18841153012135692,-0.32599843238304516,-0.6446077365626124,0.23260217964454455,1.766394524989341,0.9346303704339434,-0.2964959260542912,0.4268946949565384,-0.7340932619428422,0.052874286531560344,0.17756658505164324,-0.12123255430849866,251.85,0
151506.0,0.1524446196215763,-3.1648933473327787,-0.44533917732769623,-1.246059937000954,-0.2510874100237004,-0.21144275995830952,1.4904065322293718,-0.6175205641554271,0.705029130062897,-0.5753899231361643,-0.9840938768736018,0.6005684769527306,1.4144829292162457,-1.3089367503271205,-0.9324717396079949,0.2395773066136222,0.3848339637158915,-0.41825732340076627,-1.9212820292450665,0.47844545663323856,2.506638051098932,0.27987867081135676,-0.12556931358520274,-0.28452230525854283,-0.15244291910698848,-0.9971411237282917,-0.13658377203336158,0.45017629722307717,267.15,0
143004.0,-4.028724992565742,2.7246509366546974,1.530319720681291,-1.2757265150240968,0.489880364645785,1.4621940976261598,0.07838850330249159,-3.0474737390555333,1.2445322806574186,-0.7507401631252861,0.18387001589041052,1.2531672348559368,1.2066171149252076,-0.9360416410308972,-1.5939283280018373,0.487705765755031,-0.48370618523881603,-0.6559464737500704,0.7787733363129696,1.5339006551837997,-1.2812234723554319,-0.11306580882386896,-0.5907187975988961,1.2413765371970102,-0.2165014177893454,0.12080530437707138,0.06326114248088288,0.10687843494483573,248.87,0
153132.0,1.9450882274314267,6.089845350262721,2.8494867242407054,0.6665642539487049,3.380373397985778,0.4099770557391089,-2.9622789472002466,0.9032965907690027,0.1796615260174459,0.8786337449819825,-0.7529834345686846,1.8373711141493914,0.20335291691610902,-0.33309289641692885,0.3279507485359954,1.0275568674920308,-1.2207460929967056,0.20792345510645305,-1.0288875248074998,-1.1088258871797336,-1.5052576634936017,0.4447924306530737,-0.420460281153467,-0.13195436347256884,0.14366091839469775,0.35194893200849453,0.4588770472827619,0.4819570304958489,0.01,0
103931.0,2.163170285814658,0.44544701828540667,-1.6215791244758293,1.0989793619075527,1.5528094145256262,-1.0866149914661136,2.0344517697320583,0.10472528062229003,0.7230849605055045,-1.7683195005564372,-0.32223808986580593,-0.22696591280680423,-0.5320424094876319,-0.376521690057416,2.3545742855850733,0.7600675142784077,0.35749095186815794,0.20149156931007184,-0.9533767264087842,-1.537394550380256,1.0921232087845674,0.06535672197249198,-0.568220244430151,-0.0486323709833032,0.44507982938080914,-0.31821381767432166,-1.235847572903353,0.07779139938047663,0.6,0
48734.0,1.4095668059048876,4.0288447968941625,0.6133309293072671,-0.4275041541257405,-2.7721696922126284,0.06990267185956611,1.415398698039283,-1.8401177390937562,0.5304409065212194,0.6482019129904728,0.3962543249238948,-0.7348995418967661,1.197822828464818,0.18245557981572347,0.39496659799857703,1.177558141977201,1.6389607852005383,-1.9865402309411664,-1.6103476463857511,-1.020489015237473,1.0324945144834317,0.8478451546678585,0.9468766300703351,-0.33159228115110384,-0.31233398326367734,-0.5905359424011731,0.02706659650953469,0.008449617346084182,21.67,0
53174.0,0.6782670949225462,-7.60836366211916,-0.8407227601855993,-0.5013683548876164,0.7888590378037463,0.018995239812685583,-1.1878789260427993,-1.4231683149671142,-1.2093442461120212,0.12229341814649786,-0.28749279713050946,-0.17872077542506304,1.9329544445692592,-0.8989382793697587,-0.6818264817672297,0.6379659466377561,0.9128681075397935,-1.2939265410997436,1.08232489490128,-0.6607171248404882,-2.470825608138167,-0.24711053931273597,-0.11658213550721541,-1.102463000206022,-0.007339136209346009,-0.18989868791438225,0.15903905875336477,-0.09022520388928612,0.16,0
75594.0,0.9288161705181892,13.060206929044668,-0.07731847907416523,0.895804839077794,0.9518840720668322,-1.2853507064560574,-0.7569628052431483,0.27142602135776883,-0.22946411412598877,0.6273153343382631,0.7141976805227044,1.1184326585218969,1.7531629348064302,-0.6213107442672481,0.4665353550933897,-0.14076824591037607,0.10425121195203246,0.8535799491804497,-1.3334233877083097,0.732747633958013,-0.42753218508783775,-0.8771046242043283,0.708425497075325,0.03392613984887305,0.9734965414622749,-0.8154945526367259,-0.1199598521676748,-0.005519242631145005,0.04,0
88815.0,1.951909452889936,3.144633273793147,-1.4585474436171353,0.6531792438063562,-0.4812779964309186,0.11721896229257212,-0.07201644175265187,2.435979450442204,0.495043066818214,-1.1901362582822905,0.49967646242101615,-0.6715370115070982,0.48901119371708557,1.1641037219924328,0.5259038640426077,1.053515780367185,0.4593338323915077,-0.9985253520587563,-0.8247624977649366,-1.1417106612022252,-0.24910241370886155,0.0021259193180753755,-0.07126747653057919,0.2440816104649084,-0.2773721984393198,-0.45244989111793865,-0.17340581888454665,-0.18553733018620733,10.14,0
105430.0,1.647101705054638,-0.4834966942886325,0.9194224345847033,-0.7895733157186262,-2.0920644364932173,-1.0321393027844472,0.8001909728516949,0.16364561362226482,-1.5557436884507325,-0.42739196972830484,-0.15654572906045416,-0.5780649911836235,-2.0905560313842466,-1.9070402175166237,0.5741274079104919,0.09598925411766146,0.6653674859941248,1.4514127637379062,-1.0470592728511523,-0.13640780459810742,0.26104942944133924,-0.8719372217497963,-0.6730061038401658,0.26697328840620926,0.022870439373164686,0.35113656508845903,0.23451845489809386,0.3666508889099376,33.98,0
76337.0,-1.3933454945251356,7.9586813147510895,-0.6033080884371884,-1.345966610176423,-0.07862806459476701,-1.1635501375812467,0.691436596305337,1.0000113956169514,-0.7475572051322086,-0.1423241355528475,0.48949515304838087,1.3234028953522738,2.5542646272708867,-0.655606480777351,0.7318775525191157,-1.3894460901898391,0.25708032035583983,0.2639589764903789,0.14738385080428706,1.0788365951410839,-0.3579150324530431,0.6854048011467171,-0.3983457021977017,0.5873249363349071,0.6176431823521291,0.09910135737230785,-0.198853795609935,-0.3212241150268049,40.31,0
156450.0,0.7965691370454806,-0.7511339877015786,-0.8557226121192798,0.2152295205157131,-0.7938919055055464,-1.8080793566620983,0.5088650348491655,1.6447337122297938,-0.46884135795906445,0.5527490510171091,-1.116145262411024,0.2031107204647924,-0.3093569041854334,0.053206997446977766,-0.5527980642180053,0.04077832058981912,2.54197632600858,0.5105322271141262,-0.8849028812287596,-0.09500892629077384,1.7083758429764373,1.030504706446429,-0.02672643614069159,-0.19882316156016078,0.22880221601896267,0.014097168956572315,-0.22682829248504532,-0.4637403927044126,39.8,0
151734.0,-1.4968984335729374,3.0045271466430847,-1.7648536345222965,-0.2589972932279325,0.9844736807218908,0.22063793060186399,-1.1041244736709075,-1.0715177073147117,0.45278054668360745,-1.023314781496154,-0.8001832036276681,-0.6497770510068221,1.105127832868031,-0.3655194393140846,0.7272926124658241,-1.3713461469916446,-0.35606164590546996,-0.049764563362330705,-1.6565665943515295,1.9343462861857716,-1.4674255600704242,-0.45525218014680036,1.3574091654217426,-0.7936553753556268,-0.3749449035855079,-0.10775506489699449,-0.3187671543241777,-0.002978904492170642,152.97,0
2640.0,0.40571980671205665,-25.99467586937378,0.600133907457348,-0.7584566866216909,-4.71374139507023,-1.028005890055848,1.7651928434633248,-0.09097470876110947,0.23370435072014217,-0.05190233022885593,-0.25251484101648725,-0.6824516888535754,-0.20397630227864028,-0.4679362286660762,-0.389450677898048,1.8681642732137824,-0.024283930137812604,-1.6492356417330498,0.12800901112962748,-1.141602773002063,1.243416629165086,-0.09380416950015302,0.9696302326064767,-0.03208495197767025,-0.15774412004193294,0.6407531758871534,0.3079995212875488,0.02075760334070509,85.91,0
52862.0,-0.5479946552871979,-12.688924501375915,2.2979849348193966,-0.8947485903534247,-1.0266755824763436,-1.4503699347225947,0.5654351390765413,-0.5858841548506177,-0.4373386909289536,0.04914254491627901,0.3176741481417844,-1.0092409473274984,1.4730859065580288,-0.2825654170883354,0.7530543157194369,-0.3472976546895765,0.27176779281808194,1.642707363489322,-0.3866713134137729,-0.23015007289986045,-0.3084418119343262,0.3791092128805289,-0.9388402240158626,0.35491044491491675,-0.10115314266596442,-0.08341217668154854,-0.2365238133709795,0.2713438948979707,17.08,0
28892.0,1.3901434359849532,-0.9126379402385965,0.5154450442059897,1.833524059616149,-1.5937920631576503,-0.49097387069378584,-0.8719762240060334,-0.5552013860071554,-1.4716890509459102,0.2413473968082016,1.1459888758315522,0.7934480827620973,0.35608889748955175,-2.1836640576475475,1.5383234093287559,0.12453223055577922,0.6177902812729599,0.9362131653381383,0.14110967803614827,0.1239290831833273,-0.40923830213406376,1.031969959485906,-0.9339594753828635,0.2855760084826109,-0.07307846280615138,0.8700287237102384,0.45887125574231646,-0.02010006177176038,61.19,0
29356.0,1.33733956494018,3.859009934145007,-1.5201410562731326,-0.9895907561712862,-1.1123905119054882,-0.4293766352114332,0.059752834085017525,-0.45777615821521067,-0.616808254788964,1.8287019004838996,2.162566318155328,-0.805023457515631,-0.19206499669700872,0.1723736742642359,0.21257041170763458,-0.004625951904259296,1.3195129432898511,-0.6246663796536751,-1.2117903840621107,-1.2513290331210527,-0.04962612702765057,0.19295697622803232,0.05403422012300041,-0.24051590430003245,0.315117156446167,-0.06958104954221112,-0.4039751014186379,-0.28776433299771753,11.23,0
58361.0,2.2142761108257787,-5.214490687802112,0.4704659446142614,-0.573034989997188,-0.7176374093646132,-0.9859727814991395,-0.3410833550435086,1.008034933559344,0.961445366862165,1.238895530928609,-0.6991560477496863,-1.2661547187519773,-0.9563558132697452,0.2463796439624275,0.5121045889519529,0.08572534486420835,-1.4737460218584602,-0.952664562969538,0.18151535993081858,-0.4303363581849311,0.23456867348989618,0.5245693964205103,0.6829114556435059,0.11747114130514635,-0.25065581384773594,0.18666531306287393,-0.5742449558123184,-0.3857152242114985,115.28,0
114804.0,1.8430185663814314,7.680754404895566,0.3553564370959066,-0.4767039918989111,-1.0099999656120815,1.811376317857075,-2.6102311072792617,-0.6631212445426513,0.5909007022629496,-2.502139934105731,-0.289156525128365,-0.3148821726515507,0.48966344634223,0.5444668379896029,-0.7665899166691421,-1.1443348247759673,0.28603418242460066,0.8980094119084399,-1.1266559409759864,-1.029275462238303,0.9718470530866661,0.9190103632593818,-0.46682257036569297,0.10946993804648208,0.3117365475884526,-0.04808714586369245,0.1984664850037774,0.15112587963262314,4.75,0
142823.0,0.5240617357743531,-3.9580735617130074,-0.6380796539015137,0.30796977604003395,0.12387886818271454,0.8798077068473091,3.5291589906014025,-1.388703907262851,-0.33484299447356136,0.3095617944365543,-0.1593888767273457,-0.5572235206070673,-1.418623931461239,-0.18482174150267383,1.1910032915329278,-1.448524546193056,1.12292029428545,0.5297611596781024,1.9886617184187791,1.2911733533409375,-0.3504747421271297,-0.8719410059484431,0.5849535404143893,-0.16590811490297241,-0.863165176441882,-0.464415471015895,-0.7921498323188843,-0.5009058477095572,624.14,0
117245.0,1.8641404023105679,5.314705986325677,0.9851662684814073,-0.23164933311141578,0.32630034401628905,1.6199966638933674,-1.761009061488295,1.0427846082683914,-0.6710147210481665,1.7335870957037187,0.3365745546749572,0.7342580759044495,-1.5030741255214073,-0.7594909227591415,-0.5842428140749698,0.6873459426516888,-0.8143217329950403,0.7403804187893783,0.24024727917868915,1.3470026156913093,-1.079648050085213,-0.6525392574527302,0.05894946870999718,0.15270535542378472,-0.2925945590936152,-0.16023918296698314,0.14248674521171978,0.16254056364401137,11.88,0
29041.0,1.7420035182292395,2.000607436826783,1.0208243135130033,1.601105823709016,1.7178888288539724,0.06380522655781107,0.03330220024500363,-0.8909623219635989,-0.31420822848865093,-0.9275927170645453,-0.030494374075233033,0.16954895516710167,2.5833934466794544,0.5397002949066518,0.33927276378283366,-1.5681562397925113,-0.4293567316545932,-1.2350439347830857,0.09022520599670791,0.17510933135386608,1.7959355767510736,1.1404568351669226,0.7507148092042399,0.6607344443986714,0.13944382647053644,0.8533444253005356,-0.19265942974896433,0.28188603817824287,12.58,0
61240.0,2.281230855457409,-18.369886202253888,0.6239172394271009,0.7795836501550397,-0.6179170939437881,1.0585968351740576,0.7937495747925993,0.6034039252336072,-1.67785178867096,-0.5627018286327647,1.0428905852764982,0.5354843437349928,0.10466804861893131,-0.5696706614726281,1.2916101734056848,-1.4396833841201868,0.07056382230064173,1.541089998022052,0.7540895657523397,-0.7696163734498782,0.3928346998525001,0.20452993769190186,-0.7362192726891266,-1.030635554468212,0.4651359750410613,-0.13064477141605124,-0.4654627212283202,-0.28749968282973626,127.43,0
119258.0,2.1112448596275044,5.587450280446447,0.08367650164291263,-1.5866984105932174,-1.4581608773521566,-1.1274331061446397,0.019917411861939627,-0.7482053227741972,-1.9472970069012465,1.492866097114792,-0.07713424939661362,-1.8420380363518234,-1.5204027694991913,0.8997487413362251,-0.7978907423794599,-0.14458083699719992,-0.2167991983144475,0.2726507792039641,0.7437258427619415,-0.5581298402263712,-0.5536416291905013,-0.21409896776394532,1.3200881893343706,0.5987236600150396,0.10464923613525556,-0.7641566902669845,-0.28385884040839926,-0.19351273997686036,0.54,0
135307.0,1.8540223269966987,-17.12739081907391,-1.6832157517783344,-0.17415104699598416,0.8523762314436283,1.6689375024262176,0.6204712048843675,-1.6324397806257593,-1.3614711889470676,1.2114819514651174,0.3270296537817199,0.15135320169429178,-0.08190870645144166,0.7724921491171699,0.5378082998281499,-0.61058739754586,-0.2486782135621297,-0.004924672031620503,-0.806185231952627,-1.4725696063205902,0.3878784082925968,0.38754464809063904,0.7342781401770964,0.3998705369929718,-1.1629057863662453,-0.5564962338612189,0.37452132367656077,0.04469718868596928,11.76,0
162553.0,0.8671862145611158,15.833825256300074,-2.33682253054576,-0.4263607122128654,-0.6341109301926906,-1.9940082150133804,0.738839099199609,0.14797169439026447,-1.0403997576471866,1.7100770189105958,0.05147073393226709,-0.6392249298537536,1.6828934743179333,0.8416470270531136,0.3980272925742252,0.4821791734550729,-0.41561038661745897,0.4087934145549994,0.01851622781487272,0.9024075996324541,0.0988579271278347,0.6105011192082657,0.11031201299338989,-0.9778075888104283,-0.024432499576978017,0.1266927494180896,0.3727169493739879,0.1496204020723617,1.77,0
74090.0,-1.4898386245741335,7.884699934246058,2.7113826973945834,1.196840347221512,-1.6251297422448658,1.405634492723216,1.205897848520877,-1.1194730482010868,-0.7060102229628047,1.2139473953915285,0.22138920271606644,-0.2219668781663131,1.8702668754410139,0.6387034365689033,0.20908432231101237,-2.662365424482555,-0.30419218774579804,-0.39273973621794767,1.4378070987097225,1.1293783070443055,-0.47007064448746405,-0.2207423002408717,0.4293851445559369,-0.7222523837076773,-0.11086680338483745,-0.5556252096846883,0.055752817867059434,0.5392180907744901,63.68,0
49607.0,-3.3809839638033736,10.521098538701537,-2.705585379851982,0.2620692717521411,-1.6381483719680148,0.3887102735697958,-1.1081735224688458,0.03289724859297394,-0.8587739308647357,0.3935144750965591,-0.9186971242132369,1.1113679627095507,1.0343363097651563,0.902646649221424,-1.3304019863631167,1.2229930644331084,0.23460012304769862,-0.18420750855757717,-0.4884521848699084,-0.6456177138887114,1.31588440563009,0.9727662506565906,-0.5328768112493236,-0.6230204958717147,0.24878733203462744,0.19600895267642082,0.225096170165898,0.35773349357465634,7.37,0
58385.0,1.9405254383555075,-2.4096839829068983,0.6810962313320488,2.0165123139226466,-1.241834655327068,-0.09611297103450056,1.2563117492530012,-0.058291542375798144,0.45447264289818357,1.4976177673932014,-0.1441488919175642,0.19059135366569535,0.8886985530289513,-0.49182416298936005,-0.07138018258920376,-0.7756659557000027,-0.196793406540678,-0.2359750225689936,-1.3553190998180362,0.7492229071383179,1.0873706336386242,0.0711484890584515,0.16871368148214572,0.7170868395129428,0.7965241301093791,-0.8005264414230424,0.2651230732314289,0.0820727925031477,287.97,0
48807.0,0.1802084281798102,15.684058620281036,1.548028429679107,-2.1024535111050877,-2.007935128404256,-0.6937770969393249,-1.4482085051279086,-0.7549332186355286,-0.44987008928570127,-0.41488382400712,0.17971410810278154,0.9139644795825461,-0.026283788623719495,-0.66763555756188,0.29845123451592315,-0.27425519629614215,0.04371340328930273,-0.36832736482833894,0.43394019824936336,0.2294253421716519,0.7683902461090462,0.37479121363773515,-0.2671812950123069,1.0981534941915188,-0.5911410925434417,0.09451206569565418,0.3056975643716342,0.047740519947986115,0.2,0
155710.0,0.676720463941308,10.193597775312213,-1.0386437379638664,-1.099197779174574,0.13208633621786703,0.7914036338424708,0.7125000640991601,0.3801743484403346,0.9100835491521035,-0.1374116832552872,-0.7396489263075736,0.15878580849198443,0.5924036068093033,-0.5598127823395771,-0.07074612796964885,0.29790794760090833,0.20445007762555178,-0.9127276272754159,-0.12627209535138384,-0.649188439300616,-1.181007816943131,-0.18956006002302672,0.9033745574676857,-1.7930369830120352,-0.8675178719776717,-0.36087824671646285,-0.0879000632199265,0.00018251715231087928,9.66,0
147641.0,-0.3423249777148385,-0.4554099774641429,0.7993699141661637,0.17171532894499286,1.3562553754527755,0.1557763552060436,0.8567859703746166,1.3028048639655196,0.11789240887868502,0.4339625073959823,1.1884686071470023,0.09666193687394298,0.2069022889951233,-0.5128627949125075,0.3839302259834749,0.6954253178411491,-1.0963629900504657,1.4565376501108744,-0.13904108789337144,-0.272151686653487,0.3082515844249549,0.5845834182284761,-1.1177019791631153,-1.4886416962791236,0.2411496679096885,0.6014268118285364,0.5450844425424037,0.08350681413373451,8.65,0
96075.0,1.2810485591010092,-14.660053571348044,2.198410239943769,2.5962795535547496,0.5378985315543048,0.4141289610114782,-1.0581404771054537,-0.28569634019029877,-0.9117491355506999,-1.771261046751114,0.13866337043758215,-0.03198486370013143,-0.2252229880294374,-0.35218721066848957,-0.6502265503273517,-0.4703771981572409,-0.9327197151602604,0.1783224199681257,-0.007710214166582574,-0.37990733493664663,-0.9592691932331565,-0.48379616616600174,-0.20960629092711258,-0.1858371755064523,0.3307983008868156,-0.19655308179749964,-0.5730719465636582,-0.43591445582944033,8.5,0
77026.0,-0.7212070323328703,-0.9611115109509143,-1.5022422189940698,1.5677970778467696,0.804749758085876,3.025162675585044,-1.0364731216012757,0.9955450506764976,0.8626405038562162,-1.1172172868501598,1.298906321252563,1.3217225491220006,-1.871400680401372,1.2766558264738705,0.642768850186819,1.0031917244536537,-1.1403270899559175,-0.3165221194864998,0.3945088152687255,0.4822839592780781,0.22718989142975943,0.32292645749451054,-0.81474181148306,0.0012748675214773186,-0.20724507686711036,-0.15419685527537785,-0.3703689383364903,0.46066965648553904,62.59,0
164646.0,-1.1566156019253526,4.492650501452118,-0.24411265936214477,-2.386880059611923,-0.9469630381404386,0.5635257437543686,-0.3687693263716483,0.17947017257949938,0.5777775989193472,0.1309625670516823,0.2740671130931256,1.0023676729222188,-0.17752078082096023,-0.5354671888053417,0.46318898191460356,0.13141385007782347,-1.8176105526700894,1.3049705952573305,-0.048237816366889064,0.30984662924655026,-1.918688254523147,0.8995613606041744,0.03712137666009596,-0.035823052483775264,0.6037144397509913,-0.3127068420724073,1.161055234804273,0.23348992108465438,14.38,0
134807.0,1.536504254772069,-0.1974799351752523,0.40166372066596523,-2.1776852918235106,-1.413162216250555,-0.40406412698769145,-0.6985048739009443,1.014045264877609,-2.0878212894768247,1.2055607403352155,0.20476069544007647,-0.16354383175200837,-0.3697839174329349,-1.0492145176249323,0.4942154106347303,-0.34937836449382687,0.10492428336578996,0.9823562138070088,0.30520653620866334,0.420800348141114,-1.8711970401882105,-0.38328926993500545,-0.06517899153323015,-0.13074608122407572,0.718920816479578,-0.5072803967462454,0.1721390824928548,0.14454778298368254,75.82,0
68109.0,0.7855283065557614,9.061402751078802,0.885666512302123,0.00670626143908315,2.695740664951046,1.4272934811858136,-0.2529608049686374,-0.21890928234819285,0.502589924868353,0.900734134544102,0.01893182610623434,-1.8709596039368535,0.3546374021941512,0.9865873442322481,-0.10955993402213338,-0.008315004214821897,-0.4638555764533976,0.475886805913845,2.3937302110109684,0.2885888161197414,-0.9818296997901861,-0.6528299316111514,0.3867226489297053,0.15591973299159,0.27469000181579517,-0.06881828234203446,0.06714687060549807,-0.2040223641426273,0.06,0
158490.0,-1.0159627758779948,-4.0963377775483,0.32040975656127557,-2.0221895489130652,-0.3921894621778108,-1.5208170259618825,2.7508242047713907,0.015593507820938157,-0.6253306572530093,0.42945545634480453,0.5488572630185358,-0.1789384583065612,-0.48357294950496854,-1.762289598591451,-1.0481279335897975,-0.2007629109482849,0.5361901832374087,-0.5308096282791297,-1.4526135752027987,1.1407026265600564,-1.5324821245010316,-0.281081197077782,0.2515899228909859,0.5047785877221065,0.05193729737849395,-0.2468670443246226,-0.3941908108122121,0.1744933367920929,2.96,0
83398.0,1.0711187777247346,-0.38337740470407766,-0.07063838926842436,0.5716279601130694,3.1422450054590456,0.41291778016054437,-0.12156453449260596,-0.4975521232139215,2.0170854791502215,1.2197660629043128,-0.09514325131078039,0.11529235844773211,0.5786470348225032,-2.683578241172654,1.905543445570764,0.6575048540094031,0.6057070878520108,-1.2503179496517234,1.3877113474705602,0.47253357569968557,1.5538492487122824,-0.03025949358208635,0.27387657939469534,-0.24298582281747727,0.15229885575272917,0.45374679228602854,-0.021315457368402235,-0.2937855265546254,0.01,0
74020.0,2.2082788433804694,-12.601315925313337,-1.9476763277780265,3.4323539765861533,-0.9553995727755762,0.6514925649564596,-0.5025390226454363,1.6805430483778423,1.032132340619075,-1.2989458608852118,1.247175437608674,-0.3004418138385745,-0.2553825752325576,0.834216812858358,1.2680822209994158,-0.9858007264705897,1.4584979957070345,-0.3840336133602946,0.12148252172594631,-0.5214121956468034,0.35069173910034124,0.6263335484249382,0.3522587091238165,0.4942763576519793,-0.21559769236745296,-0.2776358040827973,-0.4154051387416615,-0.3392693134274438,401.76,0
58287.0,0.655506362321205,9.270564443991873,0.5133666474139318,-0.1894813616298654,0.23830851593336888,1.0552792332172984,-0.2028872104354491,0.404437072652712,-1.3309089472598412,1.7581047785259614,1.2186136939283223,-0.4600374613205531,0.054305411808565296,-0.12550058495253325,-1.0988053374081463,0.5857890859594548,-0.27080818563092635,-0.3245176425381828,-0.19318784544934253,-0.8115355567213101,-0.6070655107888072,-0.964217924742087,1.2106525521768816,-0.21093706100434506,0.12131151229899828,0.5845890763027168,-0.21678299912476007,-0.42968255204206685,1.63,0
128753.0,1.1662403441114293,-2.731900820557783,0.3726112588192336,-0.13541339080042558,-0.9149592217892177,1.8278535776162386,1.3845624765021114,0.10571322717413523,-0.6978404206093192,-1.2198754357436776,-0.5477071155850872,0.0803503834043795,-0.766112430161562,0.23463940150395501,0.6640823302816852,0.26997313748190876,-0.4256612065333911,-0.0057139000385646455,-0.22752083367120512,-0.007910478240773955,1.096741116900592,0.126737521964003,-0.09984590952224437,-1.108756948941561,-0.3155079517303143,-0.19398851866953182,0.799808175321921,0.048824365639944745,177.81,0
64817.0,1.8520239527362605,2.401499779218426,0.7843122932245024,0.27084005224150864,0.935198903034518,-0.8157831793632333,0.7659420447994734,-1.1549730013236967,0.24201198760022358,-0.5581795128076763,-0.36124941863860816,0.8570080835748968,0.06330930703842164,0.4119241518601484,-0.3500115469013263,-0.3793898981158961,-1.3633257655056923,1.3216016303519282,-0.3932976062018412,-0.44151591012030167,0.4020948406063596,0.23499803766296878,-1.5057101224936957,-0.45946155686489387,0.45090387363739737,-0.306476931381217,-0.23980738955977898,-0.236671486744509,72.35,0
94328.0,0.5608599970984187,-8.969285594271092,0.1971530252485536,2.248557358241042,0.3645889994436686,1.7872497540865169,2.98223036795315,1.8718747902213693,-0.7742308847338908,0.363803097433653,1.035338855406736,1.4411859750205167,-0.675855026799641,0.4345111206821457,-2.429195561375778,-3.361981463140882,0.37596789410577003,-0.9168836256594375,0.4249268484897968,0.6488149807500747,-0.8957035244588454,1.554270398538307,0.5029243718363432,0.15331850960989435,-0.5914289963472825,-0.5365967242068566,-0.04304002143631891,-0.3248152588700748,233.5,0
75012.0,-0.0889541932521638,-5.60708319379728,0.7850078388582915,0.07535486426696902,0.8704045050647551,2.1974356215752664,2.61555668367113,-2.773694112114555,-1.7633361895423594,0.6445300615053995,1.3639087487521788,-0.7594535243309792,0.31145108576293534,0.2120791803499742,0.10067354703470777,0.46933182620132996,-0.5593590412964886,-0.11968366862398483,-0.3088067749448342,-0.9713479866500023,-1.1747916457905845,1.4486434275883795,0.01073967002160714,-0.380914392795364,0.22124661636266651,-0.7677114802395384,-0.4680276327122641,-0.4667693965103652,199.0,0
142587.0,-1.121621865649729,15.151890786139063,-0.5176696560811251,2.7057060752298554,-0.6793695475586787,-0.3546537541004362,0.6485261027766427,2.459742830040824,-0.04160432258258062,0.2203010969644552,-1.5909134372589353,0.6138414526795941,-0.14351388193044823,-0.44125890667783096,-0.4487770926940158,1.5891900853028567,0.7078366506040084,-1.422102817556386,-0.07343475794701071,-0.029083510790684386,-0.7778516212606519,-0.9372010990281865,0.29217726783666365,0.35578497237503903,-0.5268212257356204,-0.6293054993662683,-0.4075769474378532,-0.0929177772966554,0.04,0
74528.0,-5.988249473769713,2.207811648650676,1.413068839465268,-0.20638397343616433,0.5866864362455146,0.5593781525931192,-3.70631589709555,0.5662198875862146,0.6851610755158823,-0.6262949335149592,0.7777980633642194,1.7934692615112908,-0.4209922109619715,0.2507276167307282,1.1253387372545927,0.2455423140259363,-0.1887763363176873,0.8217535986998428,1.618181730520357,-0.263122165723189,-0.42162104187256944,0.7321778379995436,-0.6009410451396917,-0.31201284556633,0.7815435853482846,-0.5565725299832209,-0.14643532463598774,-0.3600435314277597,91.43,0
41523.0,0.8886650379394041,5.406662303875748,-0.7794560908805579,-1.3435523350613447,0.8359864650714712,1.6118298042020314,0.1960039680269574,-0.6048770852350458,0.3761836408190202,0.4548834498332184,0.9847856904458636,0.8842296829182033,-1.4551829372991483,-0.7890848280912905,1.1567193219677154,0.8633418707396601,-1.3351521601823606,-0.3150902078979385,2.0892394365067872,1.9982797479119654,-0.005373824039761388,-0.8223443131478305,1.3268301798389928,1.5200698941449868,0.23557778670152274,0.17992455444245525,-0.24579577393342333,0.34280470077098,204.0,0
117748.0,2.067505613178355,-2.723233677647727,0.7714640672784299,-0.00770930577061435,-1.0574142311365051,0.4022889920813597,0.4018343116095906,-0.17211360438301426,0.4962616168122569,1.5606407548292296,-0.04513528101863695,-0.45695890639933623,-0.08762913340309542,-0.04317850939332857,0.4868204278625967,1.1264059325434204,-1.2448629448696238,-0.019951094304140327,0.41074629827225273,0.22511102973459174,0.2630871276180855,-1.260495103657803,0.35426140375555804,0.8062360851573427,-0.6408950150180068,-0.7870398376409571,0.3136533658405014,-0.17878907579560632,22.27,0
34339.0,-2.532084265724393,-3.4067131540090116,0.5009364742436446,-0.6916185001671167,0.7843435370130862,-0.07511531156765017,-0.8808864140497406,0.6979848923694192,1.5951703021222698,-0.7402585591980291,-0.14412446474100093,-0.9721250165797528,0.9786313604273298,2.6552494904499326,-0.0490781210288862,0.8349069177894641,0.5069069370975967,0.7615584153372339,0.19200798428482635,0.16237543155125422,-0.9669308602105584,-0.3044315976074401,-0.2768483217764981,-0.24284784477238297,-0.015519955515848949,0.49545825155688217,0.30120640722887515,0.8611029577551115,117.94,0
15002.0,0.31190629689103844,4.948632546370931,1.2546554102445953,1.0679108811947131,2.42701698160937,2.06891944045762,1.0491746521057763,0.7755530133512707,-1.3707944492475246,-0.24052420062935198,2.30140965956285,1.196540939072861,0.7222113823043417,-0.9518300008239748,2.1632248017326763,-0.1792114626552106,-0.3840115628008789,-0.4363723403670434,-0.5973647578535619,-0.6694547810814129,-1.4810997571175815,0.24864006214768608,1.4605998099936954,0.5357136093924897,-0.09841974129370357,-0.6446141566674286,0.26523210086291726,-0.681677301684406,11.06,0
66231.0,-0.5326189278866877,-7.18299744714453,-0.11100359901320189,0.5035520834081684,-1.3079984202988157,1.9127163719998777,-0.9542019734535927,-0.18324381510834087,-0.9294928538218912,-1.5942927993751006,-0.8525127816049496,-0.23809736084592714,-0.010144557098297646,-0.34406560842398903,1.8390417071315053,0.6125458752554991,0.05957298943212663,0.4633861375694366,-1.5663396411606403,0.6733966451363784,-0.07793303468087842,0.41358599649638705,0.012199178386097742,-0.2561765419598254,-0.6839817867493672,-0.08055400630171228,-0.25167711468012754,0.42611921310668777,257.11,0
107364.0,-0.36225050234571654,-1.9136930195692088,-0.401187474722974,1.6177518619036064,1.170533531148351,-0.8952045986012536,-0.5577537350767727,0.5930184941777839,1.680999474316181,-0.5174599437950427,-0.7650566830386758,-0.11154459845181464,0.04914313824897043,1.2197424780861184,-1.6532859691089747,-0.4604670587356843,0.26953974717594065,0.21876620117924261,-0.31461889689725986,-1.0609261538804304,-0.3619606347603579,0.5894267584726975,-0.5941633913618745,1.3994623285895278,0.6004476346279795,0.43048215367707465,-0.49229384214438454,0.3070049539322497,20.84,0
158819.0,1.5236456931534121,-2.348219009194068,-0.6660895407549106,4.188071885863792,-1.7081799629110037,-0.6038832946033956,1.03728718498094,-0.4820034095163237,0.0690190863591198,-0.6455980995500923,-0.56545767448661,-0.34435115782366665,0.9581322489580986,1.7903832831325417,-0.47208960736238037,1.3860215284205744,-0.3912093758139008,0.25326609549225765,0.10981883445354512,-0.992666251946801,1.5548158849976481,0.2194275982313627,0.15859732029672102,-0.8800474729102241,-0.8062197910853328,-0.3211153377265288,-0.10140062333728395,0.1153108378466392,296.84,0
56843.0,2.358614768538189,-8.837121137991943,0.7738236644072458,0.3050492970755574,-1.2879057922381207,-2.7017889799541948,-0.18447692107361036,1.233436376764729,-0.29963094949977886,-0.3830464055535181,-0.37805451534033185,0.6907089491647866,-0.0628400817350725,0.14349968305032235,1.2070088982444211,1.234785219655219,-1.5303768333357084,0.20066502986320245,-1.0971737462368623,0.05417501799846036,-1.3728838857979309,-0.7111637864617961,-0.3466639561430327,0.08751014291291437,-0.19566330000375487,0.07162158975639077,-0.004022268710528465,-0.2954151659207831,54.95,0
145681.0,1.0632019191119184,-2.2735958275542316,-0.017546319344546646,-0.3328138537076448,0.3370963033410135,2.235474901979586,-0.36524471432299777,-0.06989626945508576,-0.4301519390716937,-0.8348948742912334,-1.622255968445943,-1.7429332628595375,0.4354132828067483,-1.023210746669065,-0.7773251378079236,0.7621520424353925,0.5568200329505544,0.13694441745952446,-0.8872157162382184,-1.1770471973417926,0.5990241644126186,-0.13216805486603533,-0.04943294517956076,-0.4790566692214,-0.9968845891306799,1.2103072688218135,0.010194019893759787,-0.21335113428200358,11.48,0
96191.0,0.38910047749050136,7.774886600877835,0.9425507570267655,0.4422305930012502,-0.7755643520127649,0.7403485943323282,-2.342871007261465,1.2130642935292713,-0.9053080329592103,-1.3532172279507293,-1.6618554963021808,-0.1923469838679921,-0.9644403601594513,-0.40238548324487056,-0.15784500104566845,-1.2831078064638142,0.6165318984249097,0.23739829418855862,0.2928813254907592,1.5735324734415173,-1.2579460104366138,-0.351513841041303,-0.4710428192807825,-0.3001427693255039,0.21888363577624403,0.33920243836478825,0.14205190001658252,-0.17829367585305889,50.26,0
9094.0,0.7690271268926949,-11.862751208963914,0.42434036842314526,-0.551473432201413,-0.9044305947234932,0.22848344823619016,0.20238288307795926,0.498390984686921,-1.075820012117953,1.4717786853446881,1.0092269518933223,-3.637661856806403,0.05551137802960859,1.3131333515448205,0.6653029248881968,-0.3429786149825631,0.8507369002211362,-0.549166762457908,-0.9441715107490776,1.7839741959913482,-1.0933483742220158,0.3915022334519733,0.4558909778746312,0.08668361097228239,-0.027501848643403548,-0.3882415239074395,0.48371688041716254,0.46666451563362443,514.99,0
19105.0,0.34421624202457224,3.819596460215223,0.7450411830213852,3.4565232509180284,-0.323980712803575,-0.8375866238042491,-0.24278069960915616,-0.5757088958178258,-0.06791544514608638,1.0043351495791768,-0.06803030215016381,-0.3968528080199576,-0.5382603504848085,1.3895050397368323,1.6879412209161444,-0.5873007778498085,-2.208478407229677,1.1292164516781398,0.14811154021093387,0.012480540516875749,-0.9796019996090557,-0.8455475180524559,0.7865050609028401,-0.11147543873553456,0.9576866601538292,-0.37443558020425227,-0.5990494397353316,-0.2021210552341266,3.51,0
77845.0,0.6151280900438678,-3.31245326857821,1.2729264800436795,-0.8048902985044117,0.11737595837087156,-0.3594761883408282,-1.3924540820918878,1.539412670713972,1.2588656884493883,-1.0253921920268034,0.3867542572951237,-0.6314282408734471,-1.2699754732858999,0.7217741791500885,-0.6951383416151211,-0.5025978302181677,-0.8137598616166315,0.32923817690939217,1.5074346616134502,0.5557603356828906,-0.1385372559716771,-0.7784734233730006,-0.9377281542942058,0.08801013370430422,-0.8354648952715671,0.07080231181895602,0.3384249059823574,0.6842430281486678,27.78,0
168438.0,-3.0771478196357407,8.856580432991592,-1.7378819443983957,0.13634349518299427,0.22785955108145117,1.583107853149798,1.1297752292558698,0.6248115719263865,-0.10246883658810901,1.0041615723449482,-0.7692932092153955,0.3895887133810447,-0.3571391453118249,-0.9897604916841374,0.20616355335342895,0.27883645385673717,0.508879897714337,0.1332211611634051,0.9028204908522302,0.006992368200187116,1.2087597408079667,0.06859351477291398,-0.03454501948792199,-1.0371707668996724,-0.20921063985962007,-0.2006847781545451,-0.19072483843708454,-0.36629915748267905,28.52,0
67065.0,1.62885330207763,11.56146693938669,-0.6128395825508051,3.1349433033318252,3.069322729266105,1.3433846728623209,-0.22048141351403672,-0.03928678338326108,0.7197354913798897,-0.4516999536312092,-0.2469582193053652,0.7317974219145071,0.9029237747944157,0.41918982232164126,0.2839665605993744,0.5565684015153991,0.5821726176798165,-1.147453868672585,0.46368622498789414,0.5855378842436494,-0.505863612142992,-0.7933697984979844,0.41601159875826,1.2392470229737143,0.3678974050447721,-0.22830171787615772,-0.17574446821386402,0.11910431061558668,8.69,0
147194.0,1.837636758853023,7.3715359051142,-2.4665195413981564,1.0760049574520298,-0.1708876099357326,0.6328584519204696,1.0188167672673671,0.018882937107690623,0.4538580868387001,1.1868411043408074,0.7555075104085187,0.16826279604879346,0.9255107366865962,0.3333095819434675,0.3126720814535755,-1.55168086998831,1.2146932697737611,1.0131570628450035,0.012143251074730799,-0.647636583814986,1.097179742856742,-0.7407204554609592,0.5119896336772172,-0.650248901487041,-0.2723413445979048,0.08030909131458852,-0.219446975937295,-0.19058311586503152,96.38,0
80091.0,-6.897336015627786,10.012119598762823,2.277717012388166,-0.6558615309056641,0.040879378538051014,0.12990274976311156,0.8307426585715945,0.060387619497333844,-1.1775188467852864,0.576492141706197,-0.26622676717734794,-0.9541635579475951,0.355150685019507,1.7667740126562421,-1.1553449285010506,0.44282256680798326,0.6733395120343175,0.1323360378531646,-0.3813155256469809,0.8872597683677981,1.840237233496591,1.1774559070923942,-0.3759430821642127,0.3389842125256557,-0.6402831890250944,-0.4772678042034366,-0.35317207598109235,0.48158053217439445,56.18,0
103158.0,-0.6697115672324685,0.18324702455824138,-2.0511301415390335,1.1921584420514932,0.23839217666613877,-0.34421450504519413,-1.1722491323954785,0.4039000106319577,1.722729843992127,0.6473465075399858,-1.350230947052112,-1.3933859602396979,1.5988148479320765,1.2668006883068301,-1.0806617758679353,1.0249521872087044,1.8813498614428,0.09885063443630315,1.2593136488487424,0.21169307181111208,-0.046448532767108475,-0.41909489390747723,0.3784345360964636,-0.5311179578951135,-0.2845907660707816,0.7132600113198202,-0.07217009660215723,-0.15460644680354818,140.76,0
117010.0,0.8506629447600176,-2.166617941512584,-0.4383640458690934,-1.6513821221377247,0.2092997004452286,-2.13268096655532,2.3633624869156904,-0.017471812609272774,-0.2933836570684747,1.7272880071823664,-0.46744535716362456,0.29748010793719004,0.5563999715166661,-0.307802339160844,-1.3691847572839722,0.4248703783288086,0.1330742165872607,0.7736700974594513,0.20068895029195666,0.7324402090113296,-0.29997789730794366,-1.0312427596160774,-0.15526417404117865,0.14111828541533633,-0.31156899575533004,0.23101386270640223,-0.593046106454068,-0.20815811511633342,25.8,0
64157.0,2.3493628439762233,0.9401092440112535,-0.49297646729974076,-1.55098983774373,-1.3781124641294866,2.6046081263146093,-0.0971666378552527,-0.08107061339552502,0.44090642168878347,-0.9322420867323089,-0.44549719738273197,0.12659637184447092,-0.3300092832851256,-2.6749292807617167,2.036693110637179,0.32119843325099495,-0.777293739498873,0.6987425534180929,0.3744595265170165,-1.4566222146703467,-0.35569339280747414,-0.41387208366878525,-0.7073089479237638,0.48358760656241895,-0.19907815562644515,0.07291487218387394,-0.13994934103414636,0.16929997777999262,7.11,0
12113.0,2.2342517807688864,1.6057890955258927,2.778366268670652,0.5409217643697257,-2.680436823714871,-1.386891575170182,-2.080381026940259,1.0609511087276076,-1.6177175222237583,1.4716327965974187,0.5844122286626403,-0.8894740839447195,-0.2712797027121061,0.6201172076689545,-0.11263957719172346,-0.005934012698887159,0.6000406034867183,0.1230731076395486,-0.11765572156584092,0.5545908256198828,-0.555860228577572,-0.054364334909500656,0.21424704399453276,-0.8775553075945393,0.362620833665531,-0.7459659447498637,-0.022491699057546555,-0.06033976117303297,8.85,0
97858.0,2.136913878447217,10.8583167994869,-1.0014352487633005,0.7378449276620653,-2.194394271684729,0.11171533160327485,-0.6255710444738867,0.27296067703267113,-0.5891130434710607,0.9027295438679701,-0.16766239086769552,-1.422133829971017,-0.39523766778226666,1.2871055864998198,-0.9535750554553974,0.7835508575188257,0.5977224378914343,-0.8341202632773559,0.36279920287401524,0.213695697969996,1.4904781809323175,0.44625933119402816,-0.5943728209080348,0.6183160548818076,0.0878243144921349,0.22085316162224533,0.5830903249802049,0.3107641584551395,1.3,0
116955.0,0.7870864912391653,-1.1354022522928062,-0.703040967870038,-0.8129709361083997,-0.8214089730895182,-0.29008758831863446,-0.6369436194517988,1.4328789387397762,-0.1442697070533967,-0.11484342197699249,-0.26986838937372504,-1.2430457108292785,1.0565266847882624,1.5544383341184584,0.21484461447469272,2.0536033185540994,-0.1480065006132918,-0.07522725096119842,-0.38167297731211214,0.07921327978117176,1.6268669812459429,0.6208011356580698,-0.48092313438172596,0.6482918407562002,0.09171932357025625,0.5387487187297038,0.22920392805357181,0.19771286792886045,103.05,0
131445.0,1.9744339235807047,10.185404411201816,-3.2694609184982255,2.9891575738400213,-1.300007867185201,-1.7380500797521918,0.1156931256254694,0.9658059251155748,2.617693298074883,0.44431499426655563,1.439743001312599,0.5861657972027388,0.6739061895224614,-0.8200834113049495,-0.1667567224875448,1.1450200814715323,-0.5743923766902981,-0.03295837611553054,-0.054713266603561905,0.31656094695324555,0.1865806279652631,0.3219437784552852,1.3354096129730095,0.45575583119415963,-1.39699516395752,0.7873830937031019,-0.07608876564144396,0.06826796710366523,8.38,0
55047.0,-2.2084265047968756,-7.101637181289263,0.9502496821805835,0.1654208160766597,-2.340506155986702,2.27147051895583,-1.345292425198295,0.5611783137467512,-0.8821724957599262,-0.48616493873027977,1.421458417592718,0.6559790276550075,-0.021199643231217813,-0.535853453548043,-0.5538819667071362,0.18366700309213257,1.205759671388364,1.0243830378784438,0.7547381248017064,0.7921660093477954,1.1643442821272636,-0.5757019443196469,0.08585550320708535,0.06754769643894498,-0.42029603484947486,0.5431666922198248,0.4517194433584706,0.10720035386274063,465.9,0
49547.0,0.12454277371836042,9.060488225073229,0.17593232850776985,-0.6727000548547544,0.4258118433124025,0.24502921889675733,-0.1492803024549545,-0.798705335799923,-0.5669171797763184,1.990900222492563,-0.10301916352599161,-2.389166585104931,2.017846527551293,-0.7843429233507777,0.63617419198569,0.10464564987554681,0.9544351835971838,-0.7262766153496543,0.4227563827723877,-0.08067496385248774,1.8497090472916717,-1.386411254199217,0.13421593423181832,0.9880641275425264,-0.7133898969297263,-0.8842383246640497,-0.11680739103523763,0.40125287900963613,18.41,0
58234.0,-3.3118301794173703,-2.4693795551219893,2.2377044077729806,0.0061576091617343565,-2.0838410268400764,-3.4508307375278022,-0.19243989133293837,0.880329423916919,0.44000027940638553,-0.33262094903874484,-0.49958997088195467,0.27391728931445414,1.114388599473629,-0.26655924528677133,1.0237635690519973,0.12698074182308972,-0.3605726363947497,0.6501625403020768,0.5601838755188222,1.880340024765502,-0.6611255904547022,1.025777080570201,0.1943443756888712,-0.6398612407992212,-0.4006040728309195,0.0535635958864531,0.9247324799849324,0.14539211984122602,84.06,0
160842.0,1.4447356753948952,-6.695623899373018,0.5582703486434184,0.8959665130824543,-0.29904118230328436,-2.1796503457503746,-0.6952115944312567,0.25662817319178544,-1.898080100846986,0.7745680027843065,-1.8471983091236863,1.2011262278936101,-0.5348333579425724,-0.6928625950349669,-0.8748955363795723,-0.17236539915866445,-0.5544933030488437,0.24082793864106122,0.6158454170507905,-0.5838013701018099,-0.5220624852076625,-0.723959866917248,-1.0895844318148136,-0.3522001910646102,0.7451076195017485,0.2961182299886955,-0.43147689531129174,0.1568094147014989,7.72,0
104735.0,1.6375594021897086,-12.558698576787336,-1.3938320016022772,1.2179498607910606,0.19971010772781028,-0.10671765964284319,-1.0257251143542874,-0.45691250483960744,-0.11124003567960727,-1.4971936764632012,-0.5944612175036772,-0.08110114980468097,-0.7498866129240662,-0.4515664074824599,0.5435800758534555,-0.5816405162167264,0.9170203046498955,0.7687591433705236,-0.14880481091213582,0.0830683902098599,0.015282597280222632,-0.43122616466146013,-1.1046390070261083,0.19643089917319845,0.8673087157904789,0.31317701127195363,0.022083210565767786,0.2768511470963091,268.87,0
126252.0,-0.4024503882923227,-3.912797026275186,-1.8687473084428348,0.09970782470212036,-1.4521640152937891,0.5921928984515503,1.9387772605132767,-1.7195129989010525,0.2689254439288895,0.36262710637052464,-0.6909375026637106,0.21103440528384,-0.014664478782650647,1.8091508438992605,0.6955899910030023,-0.445818661721475,-1.6942752275874682,1.7515391844779913,0.4350257610961723,-0.6100534498538224,-0.6755793598609898,-0.14893383252829295,0.8699288618608847,0.2713052872313444,0.2661014188696704,0.4323439612509694,0.24305238077765523,0.02542813610443062,85.63,0
85851.0,0.7529901940550303,-2.345666389494639,-1.9437994333566166,-0.6856292041912289,-2.6396640113429726,0.4693553328099149,-0.18699560251809544,-2.2268762851212784,-0.20060037419001375,3.027605912071863,-1.5422940355530494,-1.288083707798478,0.32457391516178635,1.1580780049916939,0.7572988514910186,0.7542711914059232,0.04373061851640614,-0.03448697882942753,-0.21176332825056576,0.1643759295484415,1.0902336903144914,0.11752096819703439,0.19914832775651803,-0.35825312204910187,0.47900928874722837,0.25665696907869684,-0.18882247747153968,0.33836366184254985,345.67,0
130202.0,0.8656531731646169,1.4299528383829028,0.5104080031742342,1.2826624649873164,0.4854932111915957,-0.6162930970805327,2.1020391204995406,-1.219283514692421,-1.7330845653490208,0.114413841461527,-2.116070519161891,-0.6617064602605751,0.4216947347871445,0.7407915927942668,-1.5091935172233688,-0.9322862652643096,-0.7149385679081206,-0.29359724364058337,-0.22960205384326215,-0.05586608113128477,-0.6431425249783906,-0.45669068068862373,0.256043109939867,-0.6885353026182255,-0.008634475205834491,-0.5925423463150761,-0.29261326916541464,-0.28289237687414115,13.34,0
83168.0,1.0280436068890708,2.622064501557304,0.07407728000544012,0.13781316184306203,0.958200733559039,1.985629067803373,-1.6558624768837973,0.7960935272328129,0.8178293471462812,-1.4285370227023293,0.008935662115398202,0.2250562807729466,-0.3622709590388027,0.11321272153872997,-0.004006784354752213,0.5398813067755661,-0.7307415380041675,0.06857236906539299,-0.549589507820988,-0.05690777460624474,-0.5027272235432463,0.11791236355139034,0.06831161739332003,-0.564547681848385,-0.7084877364140105,-0.366051700231786,-0.5498490794036499,-0.7917679763394183,24.37,0
41749.0,0.5568575966123035,5.349837556116569,2.035928900993895,1.3416299296412042,-1.4227476689332832,2.076529905238367,0.6758843288104686,0.7800747618046273,1.2048708032844484,-0.5404690166640158,-0.4126157415336609,-0.029474008310103272,-0.3031735969612148,-0.015054799354402348,-0.23283423457476893,-0.8112334504706666,-0.23120128756966096,0.21783583540396023,0.8392753202970678,0.44568407076349104,0.7289167624752046,0.6276691012025566,0.27279009348751515,0.06274350868363587,1.0927816565623267,0.3396928278435283,-0.047208165712845584,-0.05079919966018309,49.41,0
86904.0,0.6003720221219737,0.3395726598921698,-0.6577247763634659,1.6402461720658668,1.0907723687504358,-0.6240760663265625,-0.17784346607828638,-1.1026223696366628,-1.857204381366218,0.38858451293113916,-1.154713662124184,-0.550222712878508,0.5824896094367498,0.26423624289236614,-0.0033685654338064808,-0.20382963316844993,0.3913939564032489,0.21832602456578343,-0.07803911654436746,0.9550629574744676,-1.4123969433385497,0.7695470018881494,-0.5707424584900167,-0.05621307170152079,0.14299905268774893,-0.4186792876179175,-0.06061765782946793,0.014023580731432617,96.33,0
72965.0,2.2781390637425147,4.131285394024417,-0.1377022741944529,-2.3032849887627656,0.07652233768371275,-2.1569695699841986,-0.1402493200371424,1.4112530474054097,1.3689042383319947,0.4037435468775712,0.13357706948336734,0.0903158393106196,1.1468902660508133,0.978752512633946,-0.08352365222591196,0.6831047859706736,-0.4574112876292702,-1.2828414315950099,-0.7148401598784027,1.8478089036655092,0.5588664492940829,-0.03604597270401655,0.5483848241611469,0.059970440464343966,0.32139242668840495,0.853674461749331,0.06302093545371434,0.5066762749200073,12.65,0
156861.0,1.1232082675698507,-5.411442288836696,1.305438446754124,-1.4335106652905996,2.8841030783951,1.5813480392031423,1.3083697265556822,0.2598942895095604,-0.31121403908480083,0.20841342920589057,0.2457163283969681,-0.3924901888099157,0.6392014822887839,-0.35489715366929886,-2.1873511625190014,0.26578300213917316,-1.5781577515530216,0.747024846066914,-1.3115526325807725,-0.6263225074668668,0.6324583210491745,1.138473801392557,-0.15901033939459808,0.7974233716499475,-0.024197619370781354,0.16374886431827207,0.019456653134888313,0.106146115670537,5.95,0
143354.0,1.5611439841997594,8.751035510545336,0.09844003350008279,0.07705325893876935,4.35980087273748,0.541411466851816,0.703362298274655,-2.7886438036202037,-0.19698306443534186,0.16805224589415957,-0.8905881063651879,-0.4312089933508787,0.9858538764479166,0.7274256459422759,-0.3271333711051607,-0.5099489129411587,-1.7348048934139797,-0.6327786152871937,-0.2820442114077455,-0.4005454719430759,-1.350243932758918,0.11678350091099787,1.5975861057816019,0.7593033229837776,-0.382316457445139,0.40269167685677276,0.04683687635117906,-0.14659688395199666,0.01,0
90740.0,1.4528304677125448,-1.9106939945035748,-0.19118403422180563,0.3685187436407755,-0.5985916888799068,1.0071588075265865,2.0920756437765533,-0.7629655861302638,0.2876838354079094,-0.057076251688080504,-1.3309172656750112,-0.4591453912172483,-1.1697758974543824,-1.7089589706265542,0.292702886550785,0.0669068389415699,-0.4651261767489814,0.08240325982637842,0.5201863075439181,0.10692271163613043,-1.1060406182026963,0.1701868895527312,-0.0627616068129413,-0.37133939262740956,0.5874064020253549,-0.18856809347847747,-0.44376835702301065,-0.4008633947135678,134.59,0
98824.0,-0.07435789761694878,6.948325796260235,-0.13079134095460176,-1.776293104677519,-1.0091846827337747,0.9872325284808525,0.4142740882451079,-0.33950418470215027,1.4048152508874878,-3.0745755918694826,-0.06863573049448046,0.13986646056855534,-0.8578900495465902,0.8534045746855554,-0.16199340319369782,0.20923342931616418,-0.6326178635096085,-0.4284193819592872,-0.13451260992334113,0.2061191873320496,0.6246395870774606,1.4420010978124154,0.10518885703416458,-0.15536085626851293,0.05238067932558721,0.07417985334317923,0.336052501166229,0.1079723406717008,102.64,0
122600.0,-4.597214277298576,-2.5193653439068697,2.187115815177094,-1.2401452337159808,-0.014009912456856455,1.1168573076948363,-0.4471388584232159,-0.44300073471626433,-1.3194203930335,-2.5479968582135406,0.0033541205024505416,1.1341469596051184,-0.2504391267325152,-0.40667686838423833,0.5405908712802443,0.07441470547919948,-0.7645751026709604,-0.4082699009653794,-1.1785832771345017,-0.6488594924245774,0.9645504374328588,0.15259265691341284,-1.8149938396580154,-0.13097524365494273,0.6509966747656044,0.09944467079549835,-0.3125966133946534,0.07928165710790225,90.34,0
14599.0,-0.07219467860113582,0.3017017627687295,0.5179497990757227,-0.5848112014122355,-0.39887706898676356,-0.6414782812590261,-0.768439475699779,-1.474353165569994,2.083785109708387,1.218336856915478,1.6946123326810998,-0.25823373011132844,-0.21453919771290675,0.01702155141174444,1.1091882468941154,-0.14090865420708099,-0.682635002507368,-0.2556182377545184,0.29115753468605554,-0.15969471422768322,0.7782964282862359,-0.4550515091763856,0.3499131683998371,0.5850971111117209,-0.3922149356559892,0.3956320024256357,0.3135853965949309,-0.05137098128791351,25.95,0
3414.0,-4.201938110483354,7.523427212061634,0.30286424088990316,-0.7331092875099365,1.4955893566873328,-1.7384210925244936,0.9399574437488667,1.0034880873460281,-0.4996451799621777,0.7137200463650686,0.5595056174389459,-1.0213005410715823,-0.14781922329490182,1.1963609317608643,1.7655865383733058,-0.026467166111245888,0.9137367305534099,0.48076733750713174,-0.8313080567714195,0.6434086709796958,1.5620463468522843,-1.1111326106097934,0.08041807046764404,-1.171133515825069,1.0170077104235737,-0.14604745824267562,0.2742614225050346,-0.482900083541832,0.04,0
43775.0,-3.650434833992847,2.160933854222833,0.8511310861795209,-0.4672337620425786,0.868980010482062,-1.9861983778098313,1.1234142048484301,-1.3676483277045008,-0.7302042345174957,-0.7215146968956567,1.2298232246381717,1.2588234037751818,1.840450251116267,0.3665367505745962,-0.5005532513345461,0.06067786488091187,0.31768505217416987,-0.8785670528492773,-0.8275812858929452,2.0973315086194475,0.8716741618598327,0.11091456778208908,-0.4239626404718422,0.31681890578741534,1.1774803004512755,0.0745393498095126,0.10428196688580016,-0.23349373878667024,66.86,0
60004.0,0.18566410286956625,2.7187981224252837,-0.22888234356651083,1.4940304976566985,1.5970126460474035,1.4731232313512805,1.8457494921353543,0.36720452814364535,0.7576267773560019,-1.7292522541289657,-1.5921680361482533,-0.8076735674147812,1.1415854486400265,-1.099909254553495,0.6231728615439316,-1.5008143154356262,0.5610482583714429,0.7439794635860366,0.6559814496153944,0.1007473552328122,0.8660511278947318,0.7258754252007407,0.1917728119666009,0.014946565869861317,0.4729817967397345,-0.6194207683236601,0.8288877313922569,0.6095369546047351,89.72,0
128803.0,1.2632678508481945,2.4380474188409664,-2.902696934528649,1.0461063340356649,3.164295572423981,0.9603030317903674,0.06885313950992611,1.1889332634056586,-0.37800170453887283,-0.5382640915610324,1.0877005156857171,0.13589120892959272,-1.466858666425913,0.48637309615514823,-0.03745539518158303,1.5064955618977613,-0.4303590107678019,0.27443813519970206,-0.07941921744501812,-0.8230759100407425,0.8029957995714696,-0.30107722973521334,-0.9288826999107016,0.7379260186073147,-0.866110911084931,0.6553636252677109,-0.1891382088283322,0.46359618455393203,2.45,0
91689.0,-3.210690758536316,-1.913580897817397,-1.1313221205491573,0.18103511371253322,0.8290845682107033,0.15271002547438783,0.48842818247904063,-0.6638285886408823,-0.23603651022214045,-1.9318795036367788,-1.5233815933089803,0.3079140602027337,-0.10947869526996001,0.835097020266403,2.1137752408323074,-0.33672773537932343,0.8283548000182464,-0.355791347219089,-1.7243828164005546,-0.8967234239674582,-1.9206832695077392,-0.9817415980588251,0.5515435870369885,0.07970844605675609,0.5170479977561726,1.0617814504788643,-0.23003354725341296,-0.009483346062339137,110.73,0
137583.0,2.3558996444514264,-11.469606517442955,0.7857446302077733,-2.0954419760857377,-0.44957669021022184,-1.4023777322749176,1.1522217745188357,-0.26137525568969977,0.8387771904288694,0.4141108894236254,-0.256161169743649,-1.4150932089899015,-0.12095724701460675,0.7592404765382526,-0.5878590303199154,-0.7809074522328174,-0.5060461491198112,0.37180195392032545,0.728096434060074,0.527399223530935,1.0990625485851275,-0.3148805647668951,0.0015849812358368354,-0.13173724067146342,-0.009512673987114084,0.08492690222208399,0.09089894144755561,0.1482501925663655,39.03,0
75223.0,-0.11486813600140522,10.43048142744395,0.790582176996395,-0.13321104917970672,0.7110202791690483,2.2614896442358656,0.20071084305021714,0.6197248093037331,2.174914113669441,0.5775665246970121,2.216362894558676,0.40716882436379365,-2.500079056650958,0.33444087469251826,0.9329239090826142,-0.08276782750522926,-1.5279192356393878,0.26880007690390784,-0.24363626841588903,0.019765727187092352,0.07108737545513577,-0.8288707251320275,-0.6614854726610986,-0.5731202290097777,0.5852163437620383,-0.26886875067195737,0.95705455917075,-0.0306160396843147,14.78,0
154427.0,1.7449722153978655,5.02464329618951,-2.284858540224377,-1.0098341345064545,0.11692417059663285,-2.2491083932937563,-2.6349256648767323,0.28894981323071534,1.644708185233572,-1.3837304481977881,0.04908950936710088,0.6694430256205806,0.2515335072021694,0.02727710046019638,-1.3751650310478176,1.1211339107806317,0.34277752322861943,-1.6343583856612725,-0.020295926004097353,1.5107928700488031,1.91897568470144,0.4911682362980656,1.5854858577228157,0.11651850137360764,0.3513631925856089,0.31648694846175784,0.3462102367798039,-0.02907141864735152,65.66,0
156348.0,1.6649284154266866,9.606738522761688,1.057768302212935,-2.0522306274328344,-0.34970524669759584,1.1532154935281653,-0.8342192470061747,0.4250338949848924,-1.15705076902292,0.019706989205978687,-0.429609958749098,0.3568744291628718,-0.5020353860081901,1.0434337196784327,-0.2741331368524236,0.7654652553900725,-0.7540451405761814,-1.365374244556051,0.645838742077439,0.5675594956299506,-1.5231529169103464,0.9091034772732556,0.3233340171495769,0.27370513657411877,-0.06410067487588478,-0.20714181416882083,0.17294165758249846,-0.0461387985785251,20.4,0
48561.0,1.9419849758346004,2.4573842039037714,-0.042465474165510386,-0.931700362880906,0.5933496029314256,-1.7176048689413825,-0.27206738189187263,0.17003511276851668,0.7339352360000042,-1.367485503913585,-0.2945804995382595,0.3116888099754078,-0.18806839115323193,-0.6138507774085156,0.29777496261785785,1.5466602644652987,-0.6837837462029484,0.003986027964337779,-0.8974656464689978,0.17255360648140083,0.5513406670626289,-0.15414151422049827,-0.6915942475130805,-0.47251905775442626,-0.5392970193840974,1.6713996116144472,-0.3696630864703181,-0.5662888971037603,0.13,0
